[gd_scene load_steps=9 format=3 uid="uid://camkwyvn0kxle"]

[ext_resource type="ArrayMesh" uid="uid://b6mjwpqt64fa1" path="res://BREAKABLE/DES_BOX/DIS_1.tres" id="1_ddqcq"]
[ext_resource type="ArrayMesh" uid="uid://p71yudsloypn" path="res://BREAKABLE/DES_BOX/DIS_4.tres" id="2_nb5vp"]
[ext_resource type="ArrayMesh" uid="uid://b0w8vhn4og62v" path="res://BREAKABLE/DES_BOX/DIS_3.tres" id="3_7dl6n"]
[ext_resource type="ArrayMesh" uid="uid://li524244248t" path="res://BREAKABLE/DES_BOX/DIS_2.tres" id="4_5n4nd"]

[sub_resource type="ConvexPolygonShape3D" id="ConvexPolygonShape3D_nel7w"]
points = PackedVector3Array(-73.7047, -7.10399, -3.31105, 55.6658, 7.36799, 2.2795, -73.7047, -7.10399, 2.59446, 77.4469, -7.10399, -3.31105, -58.3469, 8.24988, -3.31105, 77.4469, -7.10399, 2.59446, 62.0891, 8.24988, -3.31105, -51.9236, 7.36799, 2.2795)

[sub_resource type="ConvexPolygonShape3D" id="ConvexPolygonShape3D_fqj3v"]
points = PackedVector3Array(24.7028, 31.9877, 3.34374, -25.5414, -26.8977, -3.58682, 0.448175, -59.83, -3.58682, 26.4378, 30.2618, -3.58682, -25.5414, 51.0589, 3.34374, 26.4378, -59.83, 3.34374, -25.5414, -26.8977, 3.34374, -25.5414, 51.0589, -3.58682, 26.4378, -59.83, -3.58682, 3.91312, 49.3222, -3.58682, 0.448175, -59.83, 3.34374, 3.91312, 49.3222, 3.34374, 26.4378, 30.2618, 3.34374, -4.74669, 51.0589, 3.34374, -4.74669, 51.0589, -3.58682, 24.7028, 31.9877, -3.58682)

[sub_resource type="ConvexPolygonShape3D" id="ConvexPolygonShape3D_ppu51"]
points = PackedVector3Array(-19.4344, -3.00011, -44.549, 19.6944, 3.52009, 37.6025, 18.3883, 3.52009, 38.9096, 19.6944, -3.00011, 37.6025, 19.6944, 3.52009, -36.7227, -18.1284, 3.52009, 31.0833, -19.4344, 3.52009, -44.549, -18.1284, -3.00011, 31.0833, 19.6944, -3.00011, -36.7227, 0.129982, -3.00011, 38.9096, -19.4344, 3.52009, 16.7378, 0.129982, 3.52009, 38.9096, 18.3883, 3.52009, -38.0216, -19.4344, -3.00011, 16.7378, -15.52, -3.00011, -44.549, 18.3883, -3.00011, -38.0216, -15.52, 3.52009, -44.549, 18.3883, -3.00011, 38.9096)

[sub_resource type="ConvexPolygonShape3D" id="ConvexPolygonShape3D_j2ony"]
points = PackedVector3Array(-73.7047, -7.10399, -3.31105, 55.6658, 7.36799, 2.2795, -73.7047, -7.10399, 2.59446, 77.4469, -7.10399, -3.31105, -58.3469, 8.24988, -3.31105, 77.4469, -7.10399, 2.59446, 62.0891, 8.24988, -3.31105, -51.9236, 7.36799, 2.2795)

[node name="Node3D" type="Node3D"]

[node name="RigidBody3D" type="RigidBody3D" parent="."]
transform = Transform3D(0.644724, 0, -0.764415, 0, 1, 0, 0.764415, 0, 0.644724, 0, 0, 0)
collision_layer = 6
collision_mask = 6

[node name="MeshInstance3D" type="MeshInstance3D" parent="RigidBody3D"]
transform = Transform3D(0.004, 0, 0, 0, 0.004, 0, 0, 0, 0.004, 0, 0, 0)
mesh = ExtResource("1_ddqcq")

[node name="CollisionShape3D" type="CollisionShape3D" parent="RigidBody3D"]
transform = Transform3D(0.004, 0, 0, 0, 0.004, 0, 0, 0, 0.004, 0, 0, 0)
shape = SubResource("ConvexPolygonShape3D_nel7w")

[node name="RigidBody3D2" type="RigidBody3D" parent="."]
transform = Transform3D(1, 0, 0, 0, 0.737395, 0.675462, 0, -0.675462, 0.737395, 0, 0.441134, 0.17211)
collision_layer = 6
collision_mask = 6

[node name="MeshInstance3D" type="MeshInstance3D" parent="RigidBody3D2"]
transform = Transform3D(0.006, 0, 0, 0, 0.006, 0, 0, 0, 0.006, 0, 0, 0)
mesh = ExtResource("2_nb5vp")

[node name="CollisionShape3D" type="CollisionShape3D" parent="RigidBody3D2"]
transform = Transform3D(0.006, 0, 0, 0, 0.006, 0, 0, 0, 0.006, 0, 0, 0)
shape = SubResource("ConvexPolygonShape3D_fqj3v")

[node name="RigidBody3D3" type="RigidBody3D" parent="."]
transform = Transform3D(1, 0, 0, 0, 0.72541, 0.688317, 0, -0.688317, 0.72541, 0, 0.390984, -0.241388)
collision_layer = 6
collision_mask = 6

[node name="MeshInstance3D" type="MeshInstance3D" parent="RigidBody3D3"]
transform = Transform3D(0.006, 0, 0, 0, 0.006, 0, 0, 0, 0.006, 0, 0, 0)
mesh = ExtResource("3_7dl6n")
skeleton = NodePath("../../RigidBody3D2")

[node name="CollisionShape3D" type="CollisionShape3D" parent="RigidBody3D3"]
transform = Transform3D(0.006, 0, 0, 0, 0.006, 0, 0, 0, 0.006, 0, 0, 0)
shape = SubResource("ConvexPolygonShape3D_ppu51")

[node name="RigidBody3D5" type="RigidBody3D" parent="."]
transform = Transform3D(0.126564, -0.352592, -0.927179, 0.252479, 0.915362, -0.313634, 0.959289, -0.194398, 0.204874, -0.106865, 0.731321, -0.0851922)
collision_layer = 6
collision_mask = 6

[node name="MeshInstance3D" type="MeshInstance3D" parent="RigidBody3D5"]
transform = Transform3D(0.006, 0, 0, 0, 0.006, 0, 0, 0, 0.006, 0, 0, 0)
mesh = ExtResource("3_7dl6n")
skeleton = NodePath("../../RigidBody3D2")

[node name="CollisionShape3D" type="CollisionShape3D" parent="RigidBody3D5"]
transform = Transform3D(0.006, 0, 0, 0, 0.006, 0, 0, 0, 0.006, 0, 0, 0)
shape = SubResource("ConvexPolygonShape3D_ppu51")

[node name="RigidBody3D4" type="RigidBody3D" parent="."]
transform = Transform3D(0.632489, 0.735748, -0.242143, -4.98393e-09, 0.312617, 0.949879, 0.774569, -0.600788, 0.197726, 0, 0.231525, 0.676272)
collision_layer = 6
collision_mask = 6

[node name="MeshInstance3D" type="MeshInstance3D" parent="RigidBody3D4"]
transform = Transform3D(0.004, 0, 0, 0, 0.004, 0, 0, 0, 0.004, 0, 0, 0)
mesh = ExtResource("4_5n4nd")

[node name="CollisionShape3D" type="CollisionShape3D" parent="RigidBody3D4"]
transform = Transform3D(0.004, 0, 0, 0, 0.004, 0, 0, 0, 0.004, 0, 0, 0)
shape = SubResource("ConvexPolygonShape3D_j2ony")
